 time          v(va)         v(vb)         v(vsum)       v(vcarry)    
 0.000000e+00  0.000000e+00  0.000000e+00  2.111330e-08  1.987134e-08 
 1.000000e-11  5.000000e-02  5.000000e-02  5.000002e-02  1.987203e-08 
 2.000000e-11  1.000000e-01  1.000000e-01  1.000000e-01  1.987268e-08 
 4.000000e-11  2.000000e-01  2.000000e-01  2.000000e-01  1.987397e-08 
 8.000000e-11  4.000000e-01  4.000000e-01  4.000000e-01  1.987661e-08 
 1.600000e-10  8.000000e-01  8.000000e-01  8.000000e-01  1.070970e-03 
 3.200000e-10  1.600000e+00  1.600000e+00  1.600000e+00  8.024173e-02 
 6.400000e-10  3.200000e+00  3.200000e+00  1.240792e-01  3.200001e+00 
 1.000000e-09  5.000000e+00  5.000000e+00  6.343108e-08  5.000000e+00 
 1.064000e-09  5.000000e+00  5.000000e+00  6.340033e-08  5.000000e+00 
 1.192000e-09  5.000000e+00  5.000000e+00  6.343793e-08  5.000000e+00 
 1.448000e-09  5.000000e+00  5.000000e+00  6.345083e-08  5.000000e+00 
 1.960000e-09  5.000000e+00  5.000000e+00  6.345525e-08  5.000000e+00 
 2.960000e-09  5.000000e+00  5.000000e+00  6.345580e-08  5.000000e+00 
 3.960000e-09  5.000000e+00  5.000000e+00  6.345589e-08  5.000000e+00 
 4.960000e-09  5.000000e+00  5.000000e+00  6.345589e-08  5.000000e+00 
 5.960000e-09  5.000000e+00  5.000000e+00  6.345589e-08  5.000000e+00 
 6.000000e-09  5.000000e+00  5.000000e+00  6.345589e-08  5.000000e+00 
 6.080000e-09  4.600000e+00  5.000000e+00  6.733422e-08  4.600000e+00 
 6.240000e-09  3.800000e+00  5.000000e+00  2.022736e-02  3.800000e+00 
 6.560000e-09  2.200000e+00  5.000000e+00  1.287837e+00  2.200000e+00 
 7.000000e-09  0.000000e+00  5.000000e+00  5.000000e+00  2.114081e-08 
 7.064000e-09  0.000000e+00  5.000000e+00  5.000000e+00  2.114853e-08 
 7.192000e-09  0.000000e+00  5.000000e+00  5.000000e+00  2.115131e-08 
 7.448000e-09  0.000000e+00  5.000000e+00  5.000000e+00  2.115186e-08 
 7.960000e-09  0.000000e+00  5.000000e+00  5.000000e+00  2.115196e-08 
 8.960000e-09  0.000000e+00  5.000000e+00  5.000000e+00  2.115196e-08 
 9.960000e-09  0.000000e+00  5.000000e+00  5.000000e+00  2.115196e-08 
 1.000000e-08  0.000000e+00  5.000000e+00  5.000000e+00  2.115196e-08 
 1.008000e-08  4.000000e-01  5.000000e+00  5.000000e+00  4.000000e-01 
 1.024000e-08  1.200000e+00  5.000000e+00  4.918277e+00  1.200000e+00 
 1.056000e-08  2.800000e+00  5.000000e+00  2.873997e-01  2.800000e+00 
 1.100000e-08  5.000000e+00  5.000000e+00 -3.079859e-07  5.000000e+00 
 1.106400e-08  5.000000e+00  4.680000e+00  6.509319e-08  5.000000e+00 
 1.119200e-08  5.000000e+00  4.040000e+00  9.001796e-03  4.992567e+00 
 1.144800e-08  5.000000e+00  2.760000e+00  4.788757e-01  4.776481e+00 
 1.196000e-08  5.000000e+00  2.000000e-01  5.000000e+00  1.989737e-08 
 1.200000e-08  5.000000e+00  0.000000e+00  5.000000e+00  1.994033e-08 
 1.208000e-08  5.000000e+00  0.000000e+00  5.000000e+00  1.994374e-08 
 1.224000e-08  5.000000e+00  0.000000e+00  5.000000e+00  1.994413e-08 
 1.256000e-08  5.000000e+00  0.000000e+00  5.000000e+00  1.994431e-08 
 1.320000e-08  5.000000e+00  0.000000e+00  5.000000e+00  1.994431e-08 
 1.420000e-08  5.000000e+00  0.000000e+00  5.000000e+00  1.994432e-08 
 1.520000e-08  5.000000e+00  0.000000e+00  5.000000e+00  1.994432e-08 
 1.600000e-08  5.000000e+00  0.000000e+00  5.000000e+00  1.994432e-08 
 1.610000e-08  4.500000e+00  0.000000e+00  4.500000e+00  1.983403e-08 
 1.630000e-08  3.500000e+00  0.000000e+00  3.500000e+00  1.982098e-08 
 1.670000e-08  1.500000e+00  0.000000e+00  1.500000e+00  1.981652e-08 
 1.700000e-08  0.000000e+00  0.000000e+00  2.110922e-08  1.986750e-08 
 1.708000e-08  0.000000e+00  0.000000e+00  2.110123e-08  1.986010e-08 
 1.724000e-08  0.000000e+00  0.000000e+00  2.111024e-08  1.986846e-08 
 1.756000e-08  0.000000e+00  0.000000e+00  2.111238e-08  1.987047e-08 
 1.820000e-08  0.000000e+00  0.000000e+00  2.111331e-08  1.987135e-08 
 1.920000e-08  0.000000e+00  0.000000e+00  2.111335e-08  1.987139e-08 
 2.000000e-08  0.000000e+00  0.000000e+00  2.111336e-08  1.987140e-08 
 2.010000e-08  5.000000e-01  5.000000e-01  5.000000e-01  1.987775e-08 
 2.030000e-08  1.500000e+00  1.500000e+00  1.500000e+00  6.336977e-02 
 2.070000e-08  3.500000e+00  3.500000e+00  5.773826e-02  3.500000e+00 
 2.100000e-08  5.000000e+00  5.000000e+00  6.342287e-08  5.000000e+00 
 2.108000e-08  5.000000e+00  5.000000e+00  6.339968e-08  5.000000e+00 
 2.124000e-08  5.000000e+00  5.000000e+00  6.344191e-08  5.000000e+00 
 2.156000e-08  5.000000e+00  5.000000e+00  6.344812e-08  5.000000e+00 
 2.220000e-08  5.000000e+00  5.000000e+00  6.345586e-08  5.000000e+00 
 2.320000e-08  5.000000e+00  5.000000e+00  6.345568e-08  5.000000e+00 
 2.420000e-08  5.000000e+00  5.000000e+00  6.345589e-08  5.000000e+00 
 2.520000e-08  5.000000e+00  5.000000e+00  6.345589e-08  5.000000e+00 
 2.600000e-08  5.000000e+00  5.000000e+00  6.345589e-08  5.000000e+00 
 2.610000e-08  4.500000e+00  5.000000e+00  6.857951e-08  4.500000e+00 
 2.630000e-08  3.500000e+00  5.000000e+00  5.773824e-02  3.500000e+00 
 2.670000e-08  1.500000e+00  5.000000e+00  4.761250e+00  1.500000e+00 
 2.700000e-08  0.000000e+00  5.000000e+00  5.000000e+00  2.113057e-08 
 2.708000e-08  0.000000e+00  5.000000e+00  5.000000e+00  2.113237e-08 
 2.724000e-08  0.000000e+00  5.000000e+00  5.000000e+00  2.115094e-08 
 2.756000e-08  0.000000e+00  5.000000e+00  5.000000e+00  2.114570e-08 
 2.820000e-08  0.000000e+00  5.000000e+00  5.000000e+00  2.115079e-08 
 2.920000e-08  0.000000e+00  5.000000e+00  5.000000e+00  2.115176e-08 
 3.000000e-08  0.000000e+00  5.000000e+00  5.000000e+00  2.115196e-08 
 3.010000e-08  5.000000e-01  5.000000e+00  5.000000e+00  5.000000e-01 
 3.030000e-08  1.500000e+00  5.000000e+00  4.761250e+00  1.500000e+00 
 3.070000e-08  3.500000e+00  5.000000e+00  5.773455e-02  3.500000e+00 
 3.100000e-08  5.000000e+00  5.000000e+00 -4.576984e-07  5.000000e+00 
 3.108000e-08  5.000000e+00  4.600000e+00  6.557404e-08  5.000000e+00 
 3.124000e-08  5.000000e+00  3.800000e+00  3.488296e-02  4.973703e+00 
 3.156000e-08  5.000000e+00  2.200000e+00  3.124554e+00  4.434232e+00 
 3.200000e-08  5.000000e+00  0.000000e+00  5.000000e+00  1.994007e-08 
 3.206400e-08  5.000000e+00  0.000000e+00  5.000000e+00  1.994074e-08 
 3.219200e-08  5.000000e+00  0.000000e+00  5.000000e+00  1.994429e-08 
 3.244800e-08  5.000000e+00  0.000000e+00  5.000000e+00  1.994408e-08 
 3.296000e-08  5.000000e+00  0.000000e+00  5.000000e+00  1.994431e-08 
 3.396000e-08  5.000000e+00  0.000000e+00  5.000000e+00  1.994431e-08 
 3.496000e-08  5.000000e+00  0.000000e+00  5.000000e+00  1.994432e-08 
 3.596000e-08  5.000000e+00  0.000000e+00  5.000000e+00  1.994432e-08 
 3.600000e-08  5.000000e+00  0.000000e+00  5.000000e+00  1.994432e-08 
 3.608000e-08  4.600000e+00  0.000000e+00  4.600000e+00  1.983984e-08 
 3.624000e-08  3.800000e+00  0.000000e+00  3.800000e+00  1.982795e-08 
 3.656000e-08  2.200000e+00  0.000000e+00  2.200000e+00  1.982216e-08 
 3.700000e-08  1.776357e-14  0.000000e+00  2.110504e-08  1.986355e-08 
 3.706400e-08  0.000000e+00  0.000000e+00  2.109486e-08  1.985398e-08 
 3.719200e-08  0.000000e+00  0.000000e+00  2.110742e-08  1.986581e-08 
 3.744800e-08  0.000000e+00  0.000000e+00  2.111165e-08  1.986979e-08 
 3.796000e-08  0.000000e+00  0.000000e+00  2.111316e-08  1.987121e-08 
 3.896000e-08  0.000000e+00  0.000000e+00  2.111333e-08  1.987137e-08 
 3.996000e-08  0.000000e+00  0.000000e+00  2.111336e-08  1.987140e-08 
 4.000000e-08  0.000000e+00  0.000000e+00  2.111336e-08  1.987140e-08 
 4.008000e-08  4.000000e-01  4.000000e-01  4.000000e-01  1.987648e-08 
 4.024000e-08  1.200000e+00  1.200000e+00  1.200000e+00  2.522243e-02 
 4.056000e-08  2.800000e+00  2.800000e+00  2.875432e-01  2.800000e+00 
 4.100000e-08  5.000000e+00  5.000000e+00  6.338992e-08  5.000000e+00 
 4.106400e-08  5.000000e+00  5.000000e+00  6.344854e-08  5.000000e+00 
 4.119200e-08  5.000000e+00  5.000000e+00  6.343625e-08  5.000000e+00 
 4.144800e-08  5.000000e+00  5.000000e+00  6.345315e-08  5.000000e+00 
 4.196000e-08  5.000000e+00  5.000000e+00  6.345444e-08  5.000000e+00 
 4.296000e-08  5.000000e+00  5.000000e+00  6.345589e-08  5.000000e+00 
 4.396000e-08  5.000000e+00  5.000000e+00  6.345589e-08  5.000000e+00 
 4.496000e-08  5.000000e+00  5.000000e+00  6.345589e-08  5.000000e+00 
 4.596000e-08  5.000000e+00  5.000000e+00  6.345589e-08  5.000000e+00 
 4.600000e-08  5.000000e+00  5.000000e+00  6.345589e-08  5.000000e+00 
 4.608000e-08  4.600000e+00  5.000000e+00  6.733422e-08  4.600000e+00 
 4.624000e-08  3.800000e+00  5.000000e+00  2.022736e-02  3.800000e+00 
 4.656000e-08  2.200000e+00  5.000000e+00  1.287837e+00  2.200000e+00 
 4.700000e-08  1.776357e-14  5.000000e+00  5.000000e+00  2.114082e-08 
 4.706400e-08  0.000000e+00  5.000000e+00  5.000000e+00  2.114853e-08 
 4.719200e-08  0.000000e+00  5.000000e+00  5.000000e+00  2.115131e-08 
 4.744800e-08  0.000000e+00  5.000000e+00  5.000000e+00  2.115186e-08 
 4.796000e-08  0.000000e+00  5.000000e+00  5.000000e+00  2.115196e-08 
 4.896000e-08  0.000000e+00  5.000000e+00  5.000000e+00  2.115196e-08 
 4.996000e-08  0.000000e+00  5.000000e+00  5.000000e+00  2.115196e-08 
 5.000000e-08  0.000000e+00  5.000000e+00  5.000000e+00  2.115196e-08 
 5.008000e-08  4.000000e-01  5.000000e+00  5.000000e+00  4.000000e-01 
 5.024000e-08  1.200000e+00  5.000000e+00  4.918277e+00  1.200000e+00 
 5.056000e-08  2.800000e+00  5.000000e+00  2.873997e-01  2.800000e+00 
 5.100000e-08  5.000000e+00  5.000000e+00 -3.079859e-07  5.000000e+00 
 5.106400e-08  5.000000e+00  4.680000e+00  6.509319e-08  5.000000e+00 
 5.119200e-08  5.000000e+00  4.040000e+00  9.001796e-03  4.992567e+00 
 5.144800e-08  5.000000e+00  2.760000e+00  4.788757e-01  4.776481e+00 
 5.196000e-08  5.000000e+00  2.000000e-01  5.000000e+00  1.989737e-08 
 5.200000e-08  5.000000e+00  0.000000e+00  5.000000e+00  1.994033e-08 
 5.208000e-08  5.000000e+00  0.000000e+00  5.000000e+00  1.994374e-08 
 5.224000e-08  5.000000e+00  0.000000e+00  5.000000e+00  1.994413e-08 
 5.256000e-08  5.000000e+00  0.000000e+00  5.000000e+00  1.994431e-08 
 5.320000e-08  5.000000e+00  0.000000e+00  5.000000e+00  1.994431e-08 
 5.420000e-08  5.000000e+00  0.000000e+00  5.000000e+00  1.994432e-08 
 5.520000e-08  5.000000e+00  0.000000e+00  5.000000e+00  1.994432e-08 
 5.600000e-08  5.000000e+00  0.000000e+00  5.000000e+00  1.994432e-08 
 5.610000e-08  4.500000e+00  0.000000e+00  4.500000e+00  1.983403e-08 
 5.630000e-08  3.500000e+00  0.000000e+00  3.500000e+00  1.982098e-08 
 5.670000e-08  1.500000e+00  0.000000e+00  1.500000e+00  1.981652e-08 
 5.700000e-08  1.776357e-14  0.000000e+00  2.110924e-08  1.986750e-08 
 5.708000e-08  0.000000e+00  0.000000e+00  2.110123e-08  1.986010e-08 
 5.724000e-08  0.000000e+00  0.000000e+00  2.111024e-08  1.986846e-08 
 5.756000e-08  0.000000e+00  0.000000e+00  2.111238e-08  1.987047e-08 
 5.820000e-08  0.000000e+00  0.000000e+00  2.111331e-08  1.987135e-08 
 5.920000e-08  0.000000e+00  0.000000e+00  2.111335e-08  1.987139e-08 
 6.000000e-08  0.000000e+00  0.000000e+00  2.111336e-08  1.987140e-08 
 6.010000e-08  5.000000e-01  5.000000e-01  5.000000e-01  1.987775e-08 
 6.030000e-08  1.500000e+00  1.500000e+00  1.500000e+00  6.336977e-02 
 6.070000e-08  3.500000e+00  3.500000e+00  5.773826e-02  3.500000e+00 
 6.100000e-08  5.000000e+00  5.000000e+00  6.342287e-08  5.000000e+00 
 6.108000e-08  5.000000e+00  5.000000e+00  6.339968e-08  5.000000e+00 
 6.124000e-08  5.000000e+00  5.000000e+00  6.344191e-08  5.000000e+00 
 6.156000e-08  5.000000e+00  5.000000e+00  6.344812e-08  5.000000e+00 
 6.220000e-08  5.000000e+00  5.000000e+00  6.345586e-08  5.000000e+00 
 6.320000e-08  5.000000e+00  5.000000e+00  6.345568e-08  5.000000e+00 
 6.420000e-08  5.000000e+00  5.000000e+00  6.345589e-08  5.000000e+00 
 6.520000e-08  5.000000e+00  5.000000e+00  6.345589e-08  5.000000e+00 
 6.600000e-08  5.000000e+00  5.000000e+00  6.345589e-08  5.000000e+00 
 6.610000e-08  4.500000e+00  5.000000e+00  6.857951e-08  4.500000e+00 
 6.630000e-08  3.500000e+00  5.000000e+00  5.773824e-02  3.500000e+00 
 6.670000e-08  1.500000e+00  5.000000e+00  4.761250e+00  1.500000e+00 
 6.700000e-08  1.776357e-14  5.000000e+00  5.000000e+00  2.113059e-08 
 6.708000e-08  0.000000e+00  5.000000e+00  5.000000e+00  2.113237e-08 
 6.724000e-08  0.000000e+00  5.000000e+00  5.000000e+00  2.115094e-08 
 6.756000e-08  0.000000e+00  5.000000e+00  5.000000e+00  2.114570e-08 
 6.820000e-08  0.000000e+00  5.000000e+00  5.000000e+00  2.115079e-08 
 6.920000e-08  0.000000e+00  5.000000e+00  5.000000e+00  2.115176e-08 
 7.000000e-08  0.000000e+00  5.000000e+00  5.000000e+00  2.115196e-08 
 7.010000e-08  5.000000e-01  5.000000e+00  5.000000e+00  5.000000e-01 
 7.030000e-08  1.500000e+00  5.000000e+00  4.761250e+00  1.500000e+00 
 7.070000e-08  3.500000e+00  5.000000e+00  5.773455e-02  3.500000e+00 
 7.100000e-08  5.000000e+00  5.000000e+00 -4.576984e-07  5.000000e+00 
 7.108000e-08  5.000000e+00  4.600000e+00  6.557404e-08  5.000000e+00 
 7.124000e-08  5.000000e+00  3.800000e+00  3.488296e-02  4.973703e+00 
 7.156000e-08  5.000000e+00  2.200000e+00  3.124554e+00  4.434232e+00 
 7.200000e-08  5.000000e+00  0.000000e+00  5.000000e+00  1.994007e-08 
 7.206400e-08  5.000000e+00  0.000000e+00  5.000000e+00  1.994074e-08 
 7.219200e-08  5.000000e+00  0.000000e+00  5.000000e+00  1.994429e-08 
 7.244800e-08  5.000000e+00  0.000000e+00  5.000000e+00  1.994408e-08 
 7.296000e-08  5.000000e+00  0.000000e+00  5.000000e+00  1.994431e-08 
 7.396000e-08  5.000000e+00  0.000000e+00  5.000000e+00  1.994431e-08 
 7.496000e-08  5.000000e+00  0.000000e+00  5.000000e+00  1.994432e-08 
 7.596000e-08  5.000000e+00  0.000000e+00  5.000000e+00  1.994432e-08 
 7.600000e-08  5.000000e+00  0.000000e+00  5.000000e+00  1.994432e-08 
 7.608000e-08  4.600000e+00  0.000000e+00  4.600000e+00  1.983984e-08 
 7.624000e-08  3.800000e+00  0.000000e+00  3.800000e+00  1.982795e-08 
 7.656000e-08  2.200000e+00  0.000000e+00  2.200000e+00  1.982216e-08 
 7.700000e-08  1.776357e-14  0.000000e+00  2.110504e-08  1.986355e-08 
 7.706400e-08  0.000000e+00  0.000000e+00  2.109486e-08  1.985398e-08 
 7.719200e-08  0.000000e+00  0.000000e+00  2.110742e-08  1.986581e-08 
 7.744800e-08  0.000000e+00  0.000000e+00  2.111165e-08  1.986979e-08 
 7.796000e-08  0.000000e+00  0.000000e+00  2.111316e-08  1.987121e-08 
 7.896000e-08  0.000000e+00  0.000000e+00  2.111333e-08  1.987137e-08 
 7.996000e-08  0.000000e+00  0.000000e+00  2.111336e-08  1.987140e-08 
 8.000000e-08  0.000000e+00  0.000000e+00  2.111336e-08  1.987140e-08 
 8.008000e-08  4.000000e-01  4.000000e-01  4.000000e-01  1.987648e-08 
 8.024000e-08  1.200000e+00  1.200000e+00  1.200000e+00  2.522243e-02 
 8.056000e-08  2.800000e+00  2.800000e+00  2.875432e-01  2.800000e+00 
 8.100000e-08  5.000000e+00  5.000000e+00  6.338992e-08  5.000000e+00 
 8.106400e-08  5.000000e+00  5.000000e+00  6.344854e-08  5.000000e+00 
 8.119200e-08  5.000000e+00  5.000000e+00  6.343625e-08  5.000000e+00 
 8.144800e-08  5.000000e+00  5.000000e+00  6.345315e-08  5.000000e+00 
 8.196000e-08  5.000000e+00  5.000000e+00  6.345444e-08  5.000000e+00 
 8.296000e-08  5.000000e+00  5.000000e+00  6.345589e-08  5.000000e+00 
 8.396000e-08  5.000000e+00  5.000000e+00  6.345589e-08  5.000000e+00 
 8.496000e-08  5.000000e+00  5.000000e+00  6.345589e-08  5.000000e+00 
 8.596000e-08  5.000000e+00  5.000000e+00  6.345589e-08  5.000000e+00 
 8.600000e-08  5.000000e+00  5.000000e+00  6.345589e-08  5.000000e+00 
 8.608000e-08  4.600000e+00  5.000000e+00  6.733422e-08  4.600000e+00 
 8.624000e-08  3.800000e+00  5.000000e+00  2.022736e-02  3.800000e+00 
 8.656000e-08  2.200000e+00  5.000000e+00  1.287837e+00  2.200000e+00 
 8.700000e-08  1.776357e-14  5.000000e+00  5.000000e+00  2.114082e-08 
 8.706400e-08  0.000000e+00  5.000000e+00  5.000000e+00  2.114853e-08 
 8.719200e-08  0.000000e+00  5.000000e+00  5.000000e+00  2.115131e-08 
 8.744800e-08  0.000000e+00  5.000000e+00  5.000000e+00  2.115186e-08 
 8.796000e-08  0.000000e+00  5.000000e+00  5.000000e+00  2.115196e-08 
 8.896000e-08  0.000000e+00  5.000000e+00  5.000000e+00  2.115196e-08 
 8.996000e-08  0.000000e+00  5.000000e+00  5.000000e+00  2.115196e-08 
 9.000000e-08  0.000000e+00  5.000000e+00  5.000000e+00  2.115196e-08 
 9.008000e-08  4.000000e-01  5.000000e+00  5.000000e+00  4.000000e-01 
 9.024000e-08  1.200000e+00  5.000000e+00  4.918277e+00  1.200000e+00 
 9.056000e-08  2.800000e+00  5.000000e+00  2.873997e-01  2.800000e+00 
 9.100000e-08  5.000000e+00  5.000000e+00 -3.079859e-07  5.000000e+00 
 9.106400e-08  5.000000e+00  4.680000e+00  6.509319e-08  5.000000e+00 
 9.119200e-08  5.000000e+00  4.040000e+00  9.001795e-03  4.992567e+00 
 9.144800e-08  5.000000e+00  2.760000e+00  4.788757e-01  4.776481e+00 
 9.196000e-08  5.000000e+00  2.000000e-01  5.000000e+00  1.989737e-08 
 9.200000e-08  5.000000e+00  0.000000e+00  5.000000e+00  1.994032e-08 
 9.208000e-08  5.000000e+00  0.000000e+00  5.000000e+00  1.994374e-08 
 9.224000e-08  5.000000e+00  0.000000e+00  5.000000e+00  1.994413e-08 
 9.256000e-08  5.000000e+00  0.000000e+00  5.000000e+00  1.994431e-08 
 9.320000e-08  5.000000e+00  0.000000e+00  5.000000e+00  1.994431e-08 
 9.420000e-08  5.000000e+00  0.000000e+00  5.000000e+00  1.994432e-08 
 9.520000e-08  5.000000e+00  0.000000e+00  5.000000e+00  1.994432e-08 
 9.600000e-08  5.000000e+00  0.000000e+00  5.000000e+00  1.994432e-08 
 9.610000e-08  4.500000e+00  0.000000e+00  4.500000e+00  1.983403e-08 
 9.630000e-08  3.500000e+00  0.000000e+00  3.500000e+00  1.982098e-08 
 9.670000e-08  1.500000e+00  0.000000e+00  1.500000e+00  1.981652e-08 
 9.700000e-08  1.776357e-14  0.000000e+00  2.110924e-08  1.986750e-08 
 9.708000e-08  0.000000e+00  0.000000e+00  2.110123e-08  1.986010e-08 
 9.724000e-08  0.000000e+00  0.000000e+00  2.111024e-08  1.986846e-08 
 9.756000e-08  0.000000e+00  0.000000e+00  2.111238e-08  1.987047e-08 
 9.820000e-08  0.000000e+00  0.000000e+00  2.111331e-08  1.987135e-08 
 9.920000e-08  0.000000e+00  0.000000e+00  2.111335e-08  1.987139e-08 
 1.000000e-07  0.000000e+00  0.000000e+00  2.111336e-08  1.987140e-08 
